175, 2.124167039144971, 2.1632904903907653, 1.599545899851726, 1.6410329861141735, D:spec1_2701230006_capitate 
200, 0.976957380838399, 1.0011581811581598, 0.6145098261952144, 0.6422384399726665, D:spec1_2701230006_capitate 
225, 0.4194922982540499, 0.43437967104550634, 0.2149143958425424, 0.22479227352407752, D:spec1_2701230006_capitate 
250, 0.16735947043286625, 0.1707461713522497, 0.06494704575609332, 0.07235545401724465, D:spec1_2701230006_capitate 
275, 0.061525066702132945, 0.06364175477674762, 0.018132961172532304, 0.020461318054608435, D:spec1_2701230006_capitate 
300, 0.020884655669531366, 0.02568248197199128, 0.004938938840767553, 0.007337851991997508, D:spec1_2701230006_capitate 
175, 1.9416564278535078, 1.9018303078225176, 1.4571133660426918, 1.4239168674506395, D:spec1_2701230006_hamate 
200, 0.890111363122755, 0.871529066534784, 0.5770674135717546, 0.5582915513943255, D:spec1_2701230006_hamate 
225, 0.38185651660333036, 0.3768722026747861, 0.20551826460706427, 0.1986950775786687, D:spec1_2701230006_hamate 
250, 0.1573688242293791, 0.15190059632718972, 0.06857061006550744, 0.059811767142531544, D:spec1_2701230006_hamate 
275, 0.059134287579428436, 0.05594045535337092, 0.02400213309279583, 0.01742090305122278, D:spec1_2701230006_hamate 
300, 0.021776128814028472, 0.02080830086673832, 0.005613402094282896, 0.0056617934916474025, D:spec1_2701230006_hamate 
175, 1.9540039836269496, 2.0513723126667127, 1.4602878854953192, 1.5458629720037904, D:spec1_2701230006_lunate 
200, 0.8873377910604852, 0.9366442120958369, 0.5676164671593753, 0.6072038340483357, D:spec1_2701230006_lunate 
225, 0.3711019333213623, 0.40025909576053675, 0.18851409292482488, 0.20581875030742436, D:spec1_2701230006_lunate 
250, 0.1441857240132345, 0.15680864189848684, 0.05464004831081061, 0.06465541508361645, D:spec1_2701230006_lunate 
275, 0.051143559319121, 0.05778096215080298, 0.014934156371284462, 0.0195566333433487, D:spec1_2701230006_lunate 
300, 0.018845483039954203, 0.018904745565237076, 0.004444689396215614, 0.004385426870932739, D:spec1_2701230006_lunate 
175, 1.1809982547425033, 1.2068991235742657, 0.7720086191582354, 0.7844844303232728, D:spec1_2701230006_pisiform 
200, 0.4613337998201856, 0.48384450257449213, 0.23242978627036984, 0.24965182994384527, D:spec1_2701230006_pisiform 
225, 0.1609650853576015, 0.17696666924319288, 0.05017445794634588, 0.06712528833362488, D:spec1_2701230006_pisiform 
250, 0.05017445794634588, 0.05410705059619461, 0.009628071659974478, 0.01667961710108255, D:spec1_2701230006_pisiform 
275, 0.012475811165037353, 0.015865977242493157, 0.001356066430982321, 0.0020340996464734812, D:spec1_2701230006_pisiform 
300, 0.00257652621886641, 0.004339412579143428, 0.0, 0.0006780332154911605, D:spec1_2701230006_pisiform 
175, 1.9896466237223385, 2.3850358659649262, 1.4918412550039626, 1.874174473186889, D:spec1_2701230006_scaphoid 
200, 0.923929609233708, 1.1046818800674647, 0.5949381235902542, 0.7249903476864928, D:spec1_2701230006_scaphoid 
225, 0.40397472109894134, 0.4806852126557071, 0.22317164861514702, 0.2618825059437931, D:spec1_2701230006_scaphoid 
250, 0.16541017252240353, 0.19274146024262867, 0.07442441730507407, 0.08981731726646482, D:spec1_2701230006_scaphoid 
275, 0.06395927739732987, 0.07218914470341997, 0.02301314746702973, 0.023165552417142507, D:spec1_2701230006_scaphoid 
300, 0.02306394911706732, 0.02712808112007478, 0.0069090244051126775, 0.006756619454999898, D:spec1_2701230006_scaphoid 
175, 2.113754042438417, 2.397926918838529, 1.6265928644615197, 1.9003960367313186, D:spec1_2701230006_trapezium 
200, 1.0046792618275073, 1.1675319728066598, 0.6801021496450391, 0.8235586782871828, D:spec1_2701230006_trapezium 
225, 0.45110899418705547, 0.5424483569929147, 0.26397075850893326, 0.3386003908250147, D:spec1_2701230006_trapezium 
250, 0.19707810751287752, 0.2451655955783152, 0.10208517019478387, 0.1330868245118314, D:spec1_2701230006_trapezium 
275, 0.08064728445387927, 0.10557755759618438, 0.033849293275112546, 0.04905461073044089, D:spec1_2701230006_trapezium 
300, 0.03293589964705396, 0.044004081257646314, 0.010477162204201503, 0.015420233603106827, D:spec1_2701230006_trapezium 
175, 2.510328865430143, 2.8179896905397825, 1.9960025262058576, 2.269174996207163, D:spec1_2701230006_trapezoid 
200, 1.2413161673646664, 1.4029086649566558, 0.8814376792777027, 1.0111879871149387, D:spec1_2701230006_trapezoid 
225, 0.5755409644037837, 0.6565136242233505, 0.3470004833662046, 0.39463145973065566, D:spec1_2701230006_trapezoid 
250, 0.25579598417945937, 0.29460640936530846, 0.1304559519315243, 0.15435964562553586, D:spec1_2701230006_trapezoid 
275, 0.10399429839571814, 0.1253400322479351, 0.042779673216219935, 0.054687417307332696, D:spec1_2701230006_trapezoid 
300, 0.04145659053942963, 0.0503653472298177, 0.017464691333632057, 0.016935458262915933, D:spec1_2701230006_trapezoid 
175, 1.4954080038518474, 1.5864966800012976, 1.0542212387718481, 1.134382688541608, D:spec1_2701230006_triquetrum 
200, 0.6288277305687451, 0.6856834553255715, 0.3620497427833353, 0.4014048315414389, D:spec1_2701230006_triquetrum 
225, 0.2435576317285677, 0.27847353476992215, 0.10824783632380787, 0.12574847232253075, D:spec1_2701230006_triquetrum 
250, 0.08972277285198901, 0.10474770912406328, 0.03141577584160986, 0.03517200990962842, D:spec1_2701230006_triquetrum 
275, 0.03167188270988385, 0.03619643738272439, 0.005292875277662529, 0.0067441475312151585, D:spec1_2701230006_triquetrum 
300, 0.008536895609133111, 0.011012595335781715, 0.0018781170340092846, 0.0017073791218266225, D:spec1_2701230006_triquetrum 
175, 2.7065763202141055, 2.8587717552700234, 2.189161323980112, 2.312444574671018, D:spec2_2701230007_capitate 
200, 1.3515562566426451, 1.4118547731789655, 0.9715624985641106, 1.006978157162817, D:spec2_2701230007_capitate 
225, 0.6342301176598661, 0.663884546366767, 0.38784034112136156, 0.4037102320503227, D:spec2_2701230007_capitate 
250, 0.28279509425972965, 0.29551928297782776, 0.13841089727797792, 0.1502514617795414, D:spec2_2701230007_capitate 
275, 0.11798150539169824, 0.12480308434334526, 0.043615691328147285, 0.05308814292939808, D:spec2_2701230007_capitate 
300, 0.045701044479168916, 0.0517450341202655, 0.013077638404711909, 0.01731903464407793, D:spec2_2701230007_capitate 
175, 2.110144479066497, 2.315249131891741, 1.6094521468175238, 1.8079468382841128, D:spec2_2701230007_hamate 
200, 0.9827298846635187, 1.1100818068402818, 0.6411662517895859, 0.7549065498351916, D:spec2_2701230007_hamate 
225, 0.42675869038549297, 0.5039238689132048, 0.2316913862900588, 0.29216029205257416, D:spec2_2701230007_hamate 
250, 0.17308306224331318, 0.21543577761543928, 0.07731206655790424, 0.10610212047560386, D:spec2_2701230007_hamate 
275, 0.0678133072721326, 0.09195190690040796, 0.02149461508481315, 0.036966820931740155, D:spec2_2701230007_hamate 
300, 0.023453122154044416, 0.03784814911289422, 0.005777595854232236, 0.013073034687118703, D:spec2_2701230007_hamate 
175, 2.2671947371282823, 2.1750719826204237, 1.7534572594793, 1.6584595750478583, D:spec2_2701230007_lunate 
200, 1.0708488980581097, 1.0023505677049123, 0.7169825235509885, 0.6529215850363648, D:spec2_2701230007_lunate 
225, 0.4699885440292393, 0.43698934838463316, 0.26811846461242506, 0.22724446091626516, D:spec2_2701230007_lunate 
250, 0.2009326022678197, 0.17593321162796657, 0.09537267529103978, 0.07606064602175322, D:spec2_2701230007_lunate 
275, 0.08012304700072936, 0.06549840347641527, 0.031624229159414236, 0.02231195614606894, D:spec2_2701230007_lunate 
300, 0.030749250487019382, 0.023561925678061597, 0.011687215124131348, 0.006062352230164389, D:spec2_2701230007_lunate 
175, 1.4592783583882125, 1.5592479509704686, 0.9717877478933492, 1.0326025833808883, D:spec2_2701230007_pisiform 
200, 0.6063433483426569, 0.6357788394918767, 0.3028245575304178, 0.32753926236325337, D:spec2_2701230007_pisiform 
225, 0.2292358296573681, 0.22868044303191115, 0.08844532010402391, 0.07914259412761951, D:spec2_2701230007_pisiform 
250, 0.07928144078398376, 0.07608796768760613, 0.02096584511100096, 0.020549305141908225, D:spec2_2701230007_pisiform 
275, 0.024575858176471323, 0.026242018052842257, 0.0015273132200066925, 0.004026553034563098, D:spec2_2701230007_pisiform 
300, 0.006248099536391015, 0.007358872787304973, 0.0, 0.0006942332818212238, D:spec2_2701230007_pisiform 
175, 2.1605239853081692, 2.1259646527969918, 1.6491281482677649, 1.6147745260691535, D:spec2_2701230007_scaphoid 
200, 0.9978492986821168, 0.9875123554756485, 0.6456218159900683, 0.6471646433343173, D:spec2_2701230007_scaphoid 
225, 0.42386609904334416, 0.43204308396786395, 0.22314426155654823, 0.23368691507558312, D:spec2_2701230007_scaphoid 
250, 0.1753680414629706, 0.1721281040400477, 0.07549568471191813, 0.07189575424200378, D:spec2_2701230007_scaphoid 
275, 0.06479874845845834, 0.06459303814589182, 0.02180529313205265, 0.018976776334262802, D:spec2_2701230007_scaphoid 
300, 0.02293669985116859, 0.02252527922603552, 0.005039902657880094, 0.0051941853923049945, D:spec2_2701230007_scaphoid 
175, 2.573191850396904, 2.4589605951979703, 2.050462099740932, 1.9307517291036773, D:spec2_2701230007_trapezium 
200, 1.2647901526459422, 1.1904070097257067, 0.8870079104037334, 0.8141744162943357, D:spec2_2701230007_trapezium 
225, 0.5863206965007269, 0.5416022593879662, 0.3518256246606684, 0.31817610762532367, D:spec2_2701230007_trapezium 
250, 0.2551386077844394, 0.23870126146947665, 0.13083463531505746, 0.11583624861015872, D:spec2_2701230007_trapezium 
275, 0.10742386935132255, 0.0989008008917122, 0.048924626742178845, 0.03973742307792354, D:spec2_2701230007_trapezium 
300, 0.04078897048527806, 0.037634328263214493, 0.01654803551573696, 0.013172014892125073, D:spec2_2701230007_trapezium 
175, 2.552481711821193, 2.36423856839898, 2.0459885147854266, 1.8159029713822765, D:spec2_2701230007_trapezoid 
200, 1.2483141515953011, 1.148330831367503, 0.8866013772726189, 0.767746086210594, D:spec2_2701230007_trapezoid 
225, 0.5734982247956728, 0.5172635642290371, 0.3410298567922415, 0.2992827697953154, D:spec2_2701230007_trapezoid 
250, 0.2439059260847809, 0.2187432983058117, 0.11923654299806992, 0.10312864870016918, D:spec2_2701230007_trapezoid 
275, 0.09922081635570805, 0.08959420497057212, 0.040793957156813686, 0.03488455214811638, D:spec2_2701230007_trapezoid 
300, 0.03869707150856626, 0.03602830795625134, 0.009721924369147187, 0.006957847832821025, D:spec2_2701230007_trapezoid 
175, 1.7372049223179937, 1.702435689486454, 1.2803455810399604, 1.2573895092427512, D:spec2_2701230007_triquetrum 
200, 0.7541153366667114, 0.7607340580972936, 0.4606294990549471, 0.4718561911017574, D:spec2_2701230007_triquetrum 
225, 0.3069746243247229, 0.326160538345018, 0.15533050040885266, 0.16923819354146838, D:spec2_2701230007_triquetrum 
250, 0.11972345473799917, 0.12902317725438678, 0.047503987989115135, 0.05730639820909128, D:spec2_2701230007_triquetrum 
275, 0.04557701845869248, 0.04817423826056649, 0.01901835145243234, 0.01684003807021542, D:spec2_2701230007_triquetrum 
300, 0.016002225230901217, 0.016923819354146837, 0.005110658319816619, 0.00284856365366828, D:spec2_2701230007_triquetrum 
175, 2.949346544979362, 3.904972353925732, 2.421564922789519, 3.3651650652314657, D:spec3_2701230008_capitate 
200, 1.5269486374453336, 2.154356686451998, 1.1255401830907725, 1.7444473299132752, D:spec3_2701230008_capitate 
225, 0.7561656162350645, 1.1607878262933942, 0.49559223038274275, 0.8107476284297123, D:spec3_2701230008_capitate 
250, 0.3616511862127807, 0.6396928893581664, 0.21174503306280767, 0.4573381705540152, D:spec3_2701230008_capitate 
275, 0.16597493166881522, 0.37839381673402595, 0.08589021292168232, 0.2832770148563633, D:spec3_2701230008_capitate 
300, 0.07443472888083032, 0.24839221503965098, 0.037787546903986974, 0.20231110502916483, D:spec3_2701230008_capitate 
175, 3.0140884915351887, 2.904996324134259, 2.493092954175826, 2.375623091114725, D:spec3_2701230008_hamate 
200, 1.5689359901556006, 1.5139345969083875, 1.1920003933874483, 1.1393666097833273, D:spec3_2701230008_hamate 
225, 0.7952133003810637, 0.7646164988395677, 0.5399364145040981, 0.5241523502168184, D:spec3_2701230008_hamate 
250, 0.4066217792161512, 0.38925930850014356, 0.26565794354283034, 0.2537591873878041, D:spec3_2701230008_hamate 
275, 0.211931417026513, 0.20495000397637003, 0.12584755872127223, 0.14035675627765626, D:spec3_2701230008_hamate 
300, 0.12123375531422126, 0.12129446325378772, 0.09251889989928554, 0.08772297267353517, D:spec3_2701230008_hamate 
175, 3.357994685471483, 2.934544007462591, 2.848193616575167, 2.453925776319111, D:spec3_2701230008_lunate 
200, 1.7780135986889118, 1.5333398944796512, 1.3804081318276928, 1.1615796387661053, D:spec3_2701230008_lunate 
225, 0.8994475800067607, 0.7742437922284648, 0.640310827175127, 0.5203274297279834, D:spec3_2701230008_lunate 
250, 0.4439043384866859, 0.37381417977826176, 0.29379672142371166, 0.22627396779618228, D:spec3_2701230008_lunate 
275, 0.2120676596818985, 0.18433968480823623, 0.13016743760135902, 0.10774543322821235, D:spec3_2701230008_lunate 
300, 0.1025250428970599, 0.09764697324336005, 0.06144656160274541, 0.061360981433382256, D:spec3_2701230008_lunate 
175, 2.6494563291228967, 4.6442393569514735, 2.152993379548902, 4.276641290633551, D:spec3_2701230008_pisiform 
200, 1.429847318504657, 3.8154779625455424, 1.0867746920143466, 3.5934731141637957, D:spec3_2701230008_pisiform 
225, 0.8218148825472433, 3.3748706389373253, 0.6192319142601965, 3.2529522675399423, D:spec3_2701230008_pisiform 
250, 0.5137583464466465, 3.1164320446845006, 0.4070088886998681, 3.0644040885184083, D:spec3_2701230008_pisiform 
275, 0.3697245495399708, 2.9562369752902646, 0.3107500815151902, 2.931144473270106, D:spec3_2701230008_pisiform 
300, 0.287925828265215, 2.820567345723642, 0.25120855129786357, 2.806390790909993, D:spec3_2701230008_pisiform 
175, 2.403571154457024, 2.675900813963716, 1.923170654504364, 2.169001254363521, D:spec3_2701230008_scaphoid 
200, 1.217668206002457, 1.3514520420242593, 0.8917801933815097, 0.9877482466082045, D:spec3_2701230008_scaphoid 
225, 0.617545738889583, 0.6470700611607261, 0.42045548129967525, 0.41989524748048845, D:spec3_2701230008_scaphoid 
250, 0.32616812953054086, 0.30303047279812706, 0.2116563368887639, 0.17899470523017488, D:spec3_2701230008_scaphoid 
275, 0.1811796171250033, 0.1424674602191971, 0.12834956797569033, 0.0784887580680673, D:spec3_2701230008_scaphoid 
300, 0.11311120809381003, 0.06795636226735591, 0.08896513048686, 0.03507063708109216, D:spec3_2701230008_scaphoid 
175, 2.0077867324316365, 2.3747146099500944, 1.5397133762446498, 1.881538562326003, D:spec3_2701230008_trapezium 
200, 0.9433713894217259, 1.149335911359335, 0.6389553361893258, 0.8111230638018577, D:spec3_2701230008_trapezium 
225, 0.4138270522521706, 0.5218298515083962, 0.23841434257581778, 0.333927022190167, D:spec3_2701230008_trapezium 
250, 0.1723514058425596, 0.23210805667820372, 0.07536930038798964, 0.1299829607828611, D:spec3_2701230008_trapezium 
275, 0.06985895348716181, 0.09612494038110785, 0.02755173450413919, 0.04989925249082987, D:spec3_2701230008_trapezium 
300, 0.02412307421029076, 0.04169495821626397, 0.008877781118000404, 0.019714796689628486, D:spec3_2701230008_trapezium 
175, 2.959283477114127, 4.1395681081378095, 2.4362877081158305, 3.6038243859552725, D:spec3_2701230008_trapezoid 
200, 1.5174460135172263, 2.2770481894609595, 1.125446453101819, 1.8625199186768506, D:spec3_2701230008_trapezoid 
225, 0.743777130611572, 1.2198472443540853, 0.49200505522281446, 0.9129073025990438, D:spec3_2701230008_trapezoid 
250, 0.34892027034452444, 0.6121215451398428, 0.19099950546733335, 0.41848453211714925, D:spec3_2701230008_trapezoid 
275, 0.15055772295181055, 0.30254409582944114, 0.07055332710588494, 0.185724490356613, D:spec3_2701230008_trapezoid 
300, 0.06362986977306445, 0.14352436947085004, 0.026924556294301884, 0.07879553821638552, D:spec3_2701230008_trapezoid 
175, 3.4894281644981735, 3.3025375157390653, 2.967630849255878, 2.7968232890001996, D:spec3_2701230008_triquetrum 
200, 1.896600361912494, 2.028275273670522, 1.5058759176821086, 1.668254907492139, D:spec3_2701230008_triquetrum 
225, 1.0212331170573625, 1.3525275390638438, 0.7673439338374421, 1.0852214477875863, D:spec3_2701230008_triquetrum 
250, 0.5741748601545352, 0.9995596501971253, 0.4282229821314307, 0.8860319666435024, D:spec3_2701230008_triquetrum 
275, 0.35365593543371016, 0.8126690014380173, 0.2731544870956866, 0.7572812527951891, D:spec3_2701230008_triquetrum 
300, 0.24193437411844035, 0.7086879640014037, 0.1976413763683526, 0.6817681420678552, D:spec3_2701230008_triquetrum 
175, 3.6845608000069148, 3.2266428822955224, 3.1501652368813513, 2.711736154074993, D:spec4_2701230009_capitate 
200, 1.9713277138202607, 1.6819505786566868, 1.5472015956866942, 1.2592742737063276, D:spec4_2701230009_capitate 
225, 1.0078432105109225, 0.8301016904542905, 0.7121649642049489, 0.5386334785841682, D:spec4_2701230009_capitate 
250, 0.49081752456108996, 0.38261127525288785, 0.3099533299560121, 0.20615228224293908, D:spec4_2701230009_capitate 
275, 0.22589204635275795, 0.16962814243522334, 0.12055754238821592, 0.07447021177588453, D:spec4_2701230009_capitate 
300, 0.09811331907126082, 0.06906129336161212, 0.04310406117765537, 0.024395894909733797, D:spec4_2701230009_capitate 
175, 3.362293654432159, 2.7504870349551838, 2.834192946436838, 2.22969606844617, D:spec4_2701230009_hamate 
200, 1.7376942376370719, 1.3847274384829027, 1.311405108497181, 0.9969362811708932, D:spec4_2701230009_hamate 
225, 0.849129559732396, 0.6625249796358099, 0.5591389949217914, 0.4138438256862816, D:spec4_2701230009_hamate 
250, 0.3913897992744988, 0.30048660386786535, 0.22454026411782854, 0.16182643075069544, D:spec4_2701230009_hamate 
275, 0.1734845312750101, 0.13078814382422435, 0.08651735051484946, 0.05709095530074337, D:spec4_2701230009_hamate 
300, 0.07204781095733997, 0.055891407979913585, 0.03160057473311009, 0.02009241762389918, D:spec4_2701230009_hamate 
175, 2.597930288173606, 2.5176468644547336, 2.1112217123550767, 2.0034715481741845, D:spec4_2701230009_lunate 
200, 1.2758094427762472, 1.2112212993213858, 0.9288095129919748, 0.8414012581006233, D:spec4_2701230009_lunate 
225, 0.5856301448509155, 0.530593405504087, 0.36109470449504566, 0.2983652126503959, D:spec4_2701230009_lunate 
250, 0.24843976523164996, 0.21746223839478585, 0.12545898368929953, 0.10062533300841349, D:spec4_2701230009_lunate 
275, 0.09871505218680687, 0.08436213141905986, 0.03830887485492192, 0.03314595371544457, D:spec4_2701230009_lunate 
300, 0.03598556034215711, 0.03206174027615433, 0.009189999628269678, 0.011668201775218804, D:spec4_2701230009_lunate 
175, 2.4623644212282803, 1.9091667573548083, 2.015695094376126, 1.4484709979323103, D:spec4_2701230009_pisiform 
200, 1.1637102332499003, 0.8806423138777041, 0.8320334699701334, 0.6082151364554238, D:spec4_2701230009_pisiform 
225, 0.5076117580198547, 0.37605349391180276, 0.31583656787705106, 0.21221025138752855, D:spec4_2701230009_pisiform 
250, 0.2014485919154545, 0.1507841501311955, 0.10398906905599692, 0.07533161630451869, D:spec4_2701230009_pisiform 
275, 0.07388060603862105, 0.05683123541432389, 0.035791586558808236, 0.023699834342994643, D:spec4_2701230009_pisiform 
300, 0.02853653522932008, 0.019709556111776157, 0.009552484250492738, 0.004594865842009166, D:spec4_2701230009_pisiform 
175, 3.212715237315278, 2.4507125457077725, 2.677327901432916, 1.963445518421341, D:spec4_2701230009_scaphoid 
200, 1.6309720041521696, 1.1896083606754058, 1.2316973297792986, 0.8311511838378358, D:spec4_2701230009_scaphoid 
225, 0.7850521890176154, 0.5453634974205428, 0.5211077321120252, 0.3205086407903728, D:spec4_2701230009_scaphoid 
250, 0.3558816318652945, 0.2366893227686, 0.20496773722399286, 0.11355219162576223, D:spec4_2701230009_scaphoid 
275, 0.15417407815051093, 0.09689265389370236, 0.06950711241634369, 0.03931781312106496, D:spec4_2701230009_scaphoid 
300, 0.06132405180822818, 0.03879618375959146, 0.021778025841518566, 0.011378040447140688, D:spec4_2701230009_scaphoid 
175, 4.057502816980205, 3.20946129876586, 3.4385744371765545, 2.6319099557581103, D:spec4_2701230009_trapezium 
200, 2.1975637110621244, 1.6786611261988358, 1.6809890538588592, 1.2104848359918643, D:spec4_2701230009_trapezium 
225, 1.118982260064814, 0.8331728189664527, 0.7576278116766598, 0.5228825902175223, D:spec4_2701230009_trapezium 
250, 0.5412807281757721, 0.38699919986873493, 0.31607250067866605, 0.20102781760912067, D:spec4_2701230009_trapezium 
275, 0.25400694548481534, 0.17080230524913895, 0.12694715191192324, 0.07580783783205354, D:spec4_2701230009_trapezium 
300, 0.11414354978179432, 0.07359255183299897, 0.0498627085888891, 0.026057770904133307, D:spec4_2701230009_trapezium 
175, 4.642541460256473, 3.822715571071649, 4.037963661100678, 3.2415676250522796, D:spec4_2701230009_trapezoid 
200, 2.6348001199958833, 2.1190513902077814, 2.132700556988191, 1.6630086413093856, D:spec4_2701230009_trapezoid 
225, 1.4119953549038828, 1.108721087670715, 1.0462414793069144, 0.7789513790402811, D:spec4_2701230009_trapezoid 
250, 0.7331865257177309, 0.5641412301913731, 0.4755311314137398, 0.3368497577090421, D:spec4_2701230009_trapezoid 
275, 0.35940372848522717, 0.2715235316744608, 0.2036426487558456, 0.13984921685168464, D:spec4_2701230009_trapezoid 
300, 0.16765848178931086, 0.1233534324004943, 0.07758857907794404, 0.05335583377796528, D:spec4_2701230009_trapezoid 
175, 2.3743248372668946, 2.2844669270068776, 1.8919911603893065, 1.815584297529798, D:spec4_2701230009_triquetrum 
200, 1.1362756936502456, 1.0754695889630164, 0.7965599714027047, 0.74097459287549, D:spec4_2701230009_triquetrum 
225, 0.5029709002865872, 0.47238358701967786, 0.3041533640516766, 0.26680981693063066, D:spec4_2701230009_triquetrum 
250, 0.21546243963919254, 0.19421101315254471, 0.10877536505159921, 0.0907792148764899, D:spec4_2701230009_triquetrum 
275, 0.08537422779318063, 0.07407289116444304, 0.03703644558222152, 0.02579652926124882, D:spec4_2701230009_triquetrum 
300, 0.03384258957844786, 0.026840674493251754, 0.013389627092743437, 0.006142030776487815, D:spec4_2701230009_triquetrum 
175, 3.73230566302126, 2.964386578723513, 3.1502962275231847, 2.397073228732764, D:spec5_2701230010_capitate 
200, 1.976109554455803, 1.5286984824416503, 1.5114743368565045, 1.0862324070632332, D:spec5_2701230010_capitate 
225, 0.9959167662611214, 0.736276662005035, 0.6713249646210493, 0.44599424713537456, D:spec5_2701230010_capitate 
250, 0.47910905606681636, 0.3353985639507523, 0.277336524800825, 0.1680187620951006, D:spec5_2701230010_capitate 
275, 0.21555184773410807, 0.14104352763836406, 0.10345599703077955, 0.05464499091287416, D:spec5_2701230010_capitate 
300, 0.09639965351686494, 0.058867684669232506, 0.041504634684206405, 0.017279707345097983, D:spec5_2701230010_capitate 
175, 3.819987241459464, 2.7972617409392457, 3.2385007897967317, 2.2427702222496175, D:spec5_2701230010_hamate 
200, 2.033977226227935, 1.4362641092154835, 1.566448751586463, 1.020831770696796, D:spec5_2701230010_hamate 
225, 1.023245347922727, 0.6931051153727046, 0.7011998820689035, 0.4183657631471265, D:spec5_2701230010_hamate 
250, 0.4875054676807157, 0.31591869289569113, 0.29315680305729686, 0.15536010943530462, D:spec5_2701230010_hamate 
275, 0.22316306350530132, 0.1336007824446047, 0.11418076876519162, 0.054881032921936, D:spec5_2701230010_hamate 
300, 0.09787983950082767, 0.05343288658637747, 0.040325305651706694, 0.01600387360578783, D:spec5_2701230010_hamate 
175, 2.583661054352027, 2.00167966241539, 2.0234129992889955, 1.482636440610461, D:spec5_2701230010_lunate 
200, 1.2358499750705843, 0.9316815997309393, 0.8541398073108586, 0.5865542433602688, D:spec5_2701230010_lunate 
225, 0.5504139659799522, 0.40128000503505357, 0.3177885887197098, 0.20754845009839004, D:spec5_2701230010_lunate 
250, 0.2301668549894726, 0.1621149585345634, 0.10502807140728766, 0.05993877296136874, D:spec5_2701230010_lunate 
275, 0.09106366490931495, 0.06111886365133827, 0.036041936489485886, 0.019520666829912544, D:spec5_2701230010_lunate 
300, 0.03319005065539287, 0.02089743930154366, 0.010473304873479528, 0.004326999196554922, D:spec5_2701230010_lunate 
175, 1.829912723305605, 1.4299351269213536, 1.3460433266447176, 0.98527205782081, D:spec5_2701230010_pisiform 
200, 0.8187060450799711, 0.6180475735910074, 0.5168660263778223, 0.35249167169936296, D:spec5_2701230010_pisiform 
225, 0.3478648380121174, 0.25946796282947926, 0.18714324677095712, 0.12395043930568272, D:spec5_2701230010_pisiform 
250, 0.13904852817985233, 0.1004509945257252, 0.06392336015273421, 0.034944770216828035, D:spec5_2701230010_pisiform 
275, 0.053452104965810134, 0.03531004656055795, 0.021064269155091464, 0.013271707155520056, D:spec5_2701230010_pisiform 
300, 0.02045547524887495, 0.01193236056184372, 0.007792561999571409, 0.0025569344061093686, D:spec5_2701230010_pisiform 
175, 2.845445895268784, 2.0391962450924734, 2.3090442417021824, 1.5222407906415167, D:spec5_2701230010_scaphoid 
200, 1.4165340668303175, 0.947490464805738, 1.0242837609844637, 0.6009771075378009, D:spec5_2701230010_scaphoid 
225, 0.6546140745064487, 0.40916977843167046, 0.40731471338445424, 0.20885473721244494, D:spec5_2701230010_scaphoid 
250, 0.2888464214036126, 0.16874695153642566, 0.148309252136923, 0.06812566466500884, D:spec5_2701230010_scaphoid 
275, 0.11917193734357884, 0.06483132501219385, 0.05222967624317344, 0.02130126416286192, D:spec5_2701230010_scaphoid 
300, 0.04708027154314226, 0.02472353933617457, 0.01704740810631442, 0.005245356340404436, D:spec5_2701230010_scaphoid 
175, 2.484126089870121, 2.1300850911834623, 1.9704222261656417, 1.6330317834022696, D:spec5_2701230010_trapezium 
200, 1.1963310385978132, 0.9917800995292683, 0.8303381340155347, 0.6415710096030371, D:spec5_2701230010_trapezium 
225, 0.5440398080578654, 0.4293562530136366, 0.3206942688786512, 0.22165767460616873, D:spec5_2701230010_trapezium 
250, 0.23178486204444193, 0.17138668110627206, 0.11267636474114771, 0.07139210964368267, D:spec5_2701230010_trapezium 
275, 0.09470288793628448, 0.06669345961601537, 0.03498897641961956, 0.019387633609306794, D:spec5_2701230010_trapezium 
300, 0.03717863856843538, 0.023173924408300826, 0.011906287934186055, 0.004196852451897, D:spec5_2701230010_trapezium 
175, 2.725979672252931, 2.4572452747721574, 2.1266042578328657, 1.8917320353330165, D:spec5_2701230010_trapezoid 
200, 1.3286801434145155, 1.1832368808312492, 0.9082372351161198, 0.7973274241103161, D:spec5_2701230010_trapezoid 
225, 0.5957206862833577, 0.5324715136317629, 0.3298951540542496, 0.28305496487358744, D:spec5_2701230010_trapezoid 
250, 0.23949657238711178, 0.22286383005066646, 0.09129361712918868, 0.08517754147184108, D:spec5_2701230010_trapezoid 
275, 0.09144278970619715, 0.08405874714427747, 0.026478132419004884, 0.02342009459033108, D:spec5_2701230010_trapezoid 
300, 0.034309692711949995, 0.03169917261430162, 0.008055319158457823, 0.007831560292945107, D:spec5_2701230010_trapezoid 
175, 2.6262764355011337, 1.8812605535705709, 2.0987056750036026, 1.381339994014255, D:spec5_2701230010_triquetrum 
200, 1.2693228102457235, 0.8655313457211161, 0.8873312814297802, 0.5449983927166046, D:spec5_2701230010_triquetrum 
225, 0.5712322136541496, 0.375279119233332, 0.33802216696287485, 0.1987858544281581, D:spec5_2701230010_triquetrum 
250, 0.2455879762885671, 0.1465029577709381, 0.125072512498014, 0.060226941025631545, D:spec5_2701230010_triquetrum 
275, 0.10130196113206943, 0.05918005145770135, 0.04550890533531873, 0.021492027012214122, D:spec5_2701230010_triquetrum 
300, 0.04132134706359793, 0.021184118315764063, 0.01792028613339344, 0.005296029578941016, D:spec5_2701230010_triquetrum 
175, 3.505458916588184, 2.4391657476797257, 2.992597124174589, 1.9443348815244719, D:spec6_1105210053_capitate 
200, 1.830943967286748, 1.2086623574899449, 1.4187011830112184, 0.8550737470250314, D:spec6_1105210053_capitate 
225, 0.8983801681276546, 0.5626078300370546, 0.6294188514407301, 0.34146066601733865, D:spec6_1105210053_capitate 
250, 0.42077527616563765, 0.24932048629837428, 0.26268269057910937, 0.12970460942384213, D:spec6_1105210053_capitate 
275, 0.19098829331379982, 0.10775624978199216, 0.10099465243511416, 0.04931672985540378, D:spec6_1105210053_capitate 
300, 0.08221243758267528, 0.041911170856442165, 0.03874502606703104, 0.01379151204879083, D:spec6_1105210053_capitate 
175, 3.32924332798163, 2.221346042840966, 2.812136276034356, 1.7220920219661675, D:spec6_1105210053_hamate 
200, 1.715594275674772, 1.0552213807395445, 1.3171499496897798, 0.7133642239135989, D:spec6_1105210053_hamate 
225, 0.8218071935729089, 0.4766065362280898, 0.5591846905527185, 0.2641365409910009, D:spec6_1105210053_hamate 
250, 0.3757337564228329, 0.19581557755817217, 0.21972476051388973, 0.08926515536237553, D:spec6_1105210053_hamate 
275, 0.15828005286515914, 0.07734210634224196, 0.08068560686111541, 0.026495664489185666, D:spec6_1105210053_hamate 
300, 0.0671854349547208, 0.029397570599906, 0.030659268908914843, 0.007885614431305258, D:spec6_1105210053_hamate 
175, 3.367579744184594, 2.8529709842120683, 2.8520103555766894, 2.300225267414996, D:spec6_1105210053_lunate 
200, 1.7481519906626897, 1.4041508763334727, 1.3364265575392538, 0.9930018203912641, D:spec6_1105210053_lunate 
225, 0.8510209080822491, 0.6475597631089786, 0.5783945013616911, 0.39222467182524245, D:spec6_1105210053_lunate 
250, 0.39520262059491734, 0.28021537294005194, 0.23823590157399005, 0.13919508926641594, D:spec6_1105210053_lunate 
275, 0.17368165727652177, 0.11671637919854753, 0.09020302886208735, 0.04524560872635052, D:spec6_1105210053_lunate 
300, 0.07435265637833398, 0.046686551679419014, 0.03275743646642363, 0.014697618121298578, D:spec6_1105210053_lunate 
175, 1.5389625721566806, 1.2877066998852005, 1.1317098589026484, 0.8750804002507674, D:spec6_1105210053_pisiform 
200, 0.6575315698199848, 0.5314965438069417, 0.3966683764441513, 0.3015721811061446, D:spec6_1105210053_pisiform 
225, 0.26656245165807707, 0.20403344650431923, 0.13580518306831782, 0.09232798417234557, D:spec6_1105210053_pisiform 
250, 0.10144679742393527, 0.07311334196363872, 0.0509676526383495, 0.0289847992639815, D:spec6_1105210053_pisiform 
275, 0.03875495631925616, 0.024588228589107905, 0.016934938895809416, 0.0061877661350072865, D:spec6_1105210053_pisiform 
300, 0.015469415337518217, 0.008630305398825953, 0.00667627398777102, 0.001302687607369955, D:spec6_1105210053_pisiform 
175, 3.518348664701639, 2.121097243406833, 3.019289409843031, 1.6473535102705963, D:spec6_1105210053_scaphoid 
200, 1.819282794731827, 1.0198720484836765, 1.402658002567172, 0.6936325738252771, D:spec6_1105210053_scaphoid 
225, 0.8826084910040848, 0.4594321944740923, 0.6208027437445854, 0.25843458481908305, D:spec6_1105210053_scaphoid 
250, 0.4028221082104979, 0.1940644642586814, 0.23903449907706478, 0.08637808668085523, D:spec6_1105210053_scaphoid 
275, 0.17186567762273258, 0.07543771045912688, 0.08453348836440104, 0.03040406880224507, D:spec6_1105210053_scaphoid 
300, 0.06977670183276743, 0.028941111516781394, 0.02677847900783509, 0.008841350551280469, D:spec6_1105210053_scaphoid 
175, 3.356981424562009, 2.0349200099122, 2.8355351128506454, 1.5753938950536506, D:spec6_1105210053_trapezium 
200, 1.7226484454428412, 0.959607784927618, 1.332930055020163, 0.6422434861132934, D:spec6_1105210053_trapezium 
225, 0.8298051656473953, 0.413194653622642, 0.5719389095462063, 0.22923515203985748, D:spec6_1105210053_trapezium 
250, 0.38251403452004396, 0.16998553539232997, 0.23426577986842115, 0.07365832845279625, D:spec6_1105210053_trapezium 
275, 0.17048238752354614, 0.06676450513217198, 0.08639016431521045, 0.025587884757632424, D:spec6_1105210053_trapezium 
300, 0.0704287895998912, 0.026705802052868793, 0.03316487975867892, 0.00975072307511721, D:spec6_1105210053_trapezium 
175, 3.628826383937812, 2.5777925990662585, 3.0857155999172052, 2.0676847358616404, D:spec6_1105210053_trapezoid 
200, 1.8638025804374323, 1.275729629033371, 1.4384443780041858, 0.8929187461189946, D:spec6_1105210053_trapezoid 
225, 0.9179871668084911, 0.5833582484303489, 0.6282054230583473, 0.35636254915940296, D:spec6_1105210053_trapezoid 
250, 0.42788804305328765, 0.24861433729675028, 0.25309905475955013, 0.12281226282744187, D:spec6_1105210053_trapezoid 
275, 0.1877831696603114, 0.10188358133437593, 0.10038867551344266, 0.042202341252501094, D:spec6_1105210053_trapezoid 
300, 0.07877003748763828, 0.038177594811526876, 0.04013247165428578, 0.014144108921137967, D:spec6_1105210053_trapezoid 
175, 2.7548480178567814, 2.6173176469681154, 2.242699180504034, 2.091772368442611, D:spec6_1105210053_triquetrum 
200, 1.3760747270836526, 1.2872148798801837, 1.0037693152105505, 0.911825395219109, D:spec6_1105210053_triquetrum 
225, 0.6522813946562656, 0.5968644617473778, 0.40536281706918637, 0.34772920684394304, D:spec6_1105210053_triquetrum 
250, 0.2870115238307268, 0.2518338185929111, 0.15295073482853036, 0.13030207529185447, D:spec6_1105210053_triquetrum 
275, 0.1219172523995532, 0.10138889290460867, 0.05792274204911578, 0.03826177802578863, D:spec6_1105210053_triquetrum 
300, 0.04857414641057298, 0.04202049173613059, 0.02341967773366911, 0.013107309348884771, D:spec6_1105210053_triquetrum 
175, 0.9838865636667773, 0.8489299871432778, 0.6208076814920781, 0.5021588223079172, D:spec7_1105210052_capitate 
200, 0.37574615236311454, 0.30553752873817275, 0.19153209704243387, 0.12812145126054197, D:spec7_1105210052_capitate 
225, 0.131278981952669, 0.09777200919621529, 0.05063193333375434, 0.029569346246271794, D:spec7_1105210052_capitate 
250, 0.043685365811074905, 0.028826397848124262, 0.012518680508785924, 0.005200638787032727, D:spec7_1105210052_capitate 
275, 0.013038744387489195, 0.007949547860178598, 0.002823203912960623, 0.0007800958180549092, D:spec7_1105210052_capitate 
300, 0.004346248129163064, 0.0022659926143499738, 0.0003714741990737662, 0.0, D:spec7_1105210052_capitate 
175, 0.9320510235093291, 0.9089024151241363, 0.6010590606682895, 0.5666438494289536, D:spec7_1105210052_hamate 
200, 0.3644604007312877, 0.3425899363673632, 0.19418321389787535, 0.16989847749377734, D:spec7_1105210052_hamate 
225, 0.1369981036129818, 0.12085561801103749, 0.05699575561507604, 0.04724399011947333, D:spec7_1105210052_hamate 
250, 0.046628587442566365, 0.03933843265459152, 0.01424893890376901, 0.010319829505055295, D:spec7_1105210052_hamate 
275, 0.0166632109439425, 0.012071360200867434, 0.0036924160614418035, 0.0023195947052647224, D:spec7_1105210052_hamate 
300, 0.005301930754890795, 0.0037397547288961852, 0.0002366933372719105, 0.0002366933372719105, D:spec7_1105210052_hamate 
175, 1.0204766982058753, 0.9637369064709949, 0.6338625315881825, 0.5769128515978094, D:spec7_1105210052_lunate 
200, 0.38556472534022884, 0.35918876789997006, 0.18281267053420758, 0.16798056714605145, D:spec7_1105210052_lunate 
225, 0.13215963820861773, 0.12719228282862205, 0.049113851785309505, 0.04869407527432395, D:spec7_1105210052_lunate 
250, 0.03980880579179645, 0.04323698063151179, 0.00846549297154195, 0.013782662110692267, D:spec7_1105210052_lunate 
275, 0.013362885599706715, 0.012943109088721165, 0.0016791060439422052, 0.002098882554927757, D:spec7_1105210052_lunate 
300, 0.0032882493360534854, 0.003638063095208111, 0.0, 0.0003498137591546261, D:spec7_1105210052_lunate 
175, 0.6998283439910965, 0.6289337835373714, 0.3851256610013896, 0.33356598067140764, D:spec7_1105210052_pisiform 
200, 0.23814913323147152, 0.2067103037619703, 0.10390533139670144, 0.08142656832600809, D:spec7_1105210052_pisiform 
225, 0.07513880243210784, 0.06397801797043492, 0.024207898691515916, 0.022950345512735868, D:spec7_1105210052_pisiform 
250, 0.019649268418438243, 0.020749627449870786, 0.0018863297681700716, 0.0053446010098152025, D:spec7_1105210052_pisiform 
275, 0.003929853683687649, 0.0055017951571627085, 0.0, 0.0017291356208225658, D:spec7_1105210052_pisiform 
300, 0.0004715824420425179, 0.0009431648840850358, 0.0, 0.0, D:spec7_1105210052_pisiform 
175, 1.284309071560462, 0.9607412311187055, 0.8804460902372311, 0.5979210490796588, D:spec7_1105210052_scaphoid 
200, 0.5232727362876192, 0.372874290588528, 0.29515006330874743, 0.1834989583208996, D:spec7_1105210052_scaphoid 
225, 0.1980062565018864, 0.13332023391641043, 0.08915561097302653, 0.051601908719712576, D:spec7_1105210052_scaphoid 
250, 0.07019512316053426, 0.04655189985924248, 0.0280045945898796, 0.01216593043658704, D:spec7_1105210052_scaphoid 
275, 0.02428595170171526, 0.015471390781622006, 0.0075291041192463186, 0.003443187859411426, D:spec7_1105210052_scaphoid 
300, 0.00794228666237569, 0.0048204630031759964, 0.0017445485154351226, 0.0011018201150116563, D:spec7_1105210052_scaphoid 
175, 1.2355411084393566, 0.943431963763554, 0.8714569439659138, 0.6088713871937379, D:spec7_1105210052_trapezium 
200, 0.523607746364119, 0.39372801139093383, 0.32475946693989516, 0.22398241332181254, D:spec7_1105210052_trapezium 
225, 0.21327936108791115, 0.15988435893226832, 0.11971784830167213, 0.08754856209303598, D:spec7_1105210052_trapezium 
250, 0.0853838998434829, 0.07083255916593158, 0.04437557611583829, 0.04058741717912039, D:spec7_1105210052_trapezium 
275, 0.03445420747205331, 0.03186863867397601, 0.015814060323123946, 0.01845975862813327, D:spec7_1105210052_trapezium 
300, 0.012747455469590404, 0.015212765253803641, 0.005171137596154598, 0.009921368643784984, D:spec7_1105210052_trapezium 
175, 1.2039967727921552, 1.042636380562279, 0.8384120482426198, 0.6938496865884689, D:spec7_1105210052_trapezoid 
200, 0.4956660253625437, 0.42996338360330166, 0.29127619520470016, 0.24187509050663025, D:spec7_1105210052_trapezoid 
225, 0.19503920230041993, 0.16367736196445934, 0.09218229586876021, 0.07828047746126317, D:spec7_1105210052_trapezoid 
250, 0.07530151637394236, 0.05891723039367798, 0.033347814394174474, 0.022507705993090467, D:spec7_1105210052_trapezoid 
275, 0.027307143300440637, 0.021597467883075778, 0.011915844349283188, 0.005792424336457105, D:spec7_1105210052_trapezoid 
300, 0.009764372452884834, 0.007943896232855458, 0.004054697035519974, 0.0020687229773061087, D:spec7_1105210052_trapezoid 
175, 0.7606493667029105, 0.734116001980948, 0.41996726239450627, 0.4115427222602333, D:spec7_1105210052_triquetrum 
200, 0.2594285957236404, 0.25501949060663776, 0.10455877848892094, 0.11447926500217699, D:spec7_1105210052_triquetrum 
225, 0.0781041477869048, 0.08511147556214121, 0.018738696747261432, 0.025903492562390804, D:spec7_1105210052_triquetrum 
250, 0.02306906784431765, 0.025037418342979564, 0.001810882458768962, 0.00582631747603927, D:spec7_1105210052_triquetrum 
275, 0.006062519535878699, 0.006771125715396988, 0.0004724041196788597, 0.0012597443191436257, D:spec7_1105210052_triquetrum 
300, 0.0013384783390901025, 0.0021258185385548685, 0.0, 0.0007873401994647662, D:spec7_1105210052_triquetrum 
175, 2.802074343603978, 3.011422005741933, 2.254586093000662, 2.4860077133779344, D:spec8_1105210054_capitate 
200, 1.3944792117737694, 1.5496729978024073, 0.9850799648574472, 1.1544375923903325, D:spec8_1105210054_capitate 
225, 0.6470407881451012, 0.7511568545725039, 0.38871124930152656, 0.4934357862470113, D:spec8_1105210054_capitate 
250, 0.28307400657891846, 0.34148717631481185, 0.14234829731356885, 0.18483982182631076, D:spec8_1105210054_capitate 
275, 0.12044335866260884, 0.14819637507069244, 0.049691758976714843, 0.06432885532835943, D:spec8_1105210054_capitate 
300, 0.04786634742246818, 0.05800752272383856, 0.015042743363699393, 0.020011919261370876, D:spec8_1105210054_capitate 
175, 1.8875302188184062, 2.7467231664805514, 1.4051099187204013, 2.2614078813843586, D:spec8_1105210054_hamate 
200, 0.8610071382610095, 1.3696753023425834, 0.5467661666577244, 1.0172977283631717, D:spec8_1105210054_hamate 
225, 0.3763094499644303, 0.6478204429944644, 0.199059168475389, 0.419348226937488, D:spec8_1105210054_hamate 
250, 0.15185161310494089, 0.29131269041763824, 0.0637282697601061, 0.16142436349894834, D:spec8_1105210054_hamate 
275, 0.05801549936368229, 0.12236136592340177, 0.02099829118685507, 0.05627850836476965, D:spec8_1105210054_hamate 
300, 0.02142288898658927, 0.04921474496919157, 0.0042845777973178545, 0.015092521790552083, D:spec8_1105210054_hamate 
175, 2.6314700500709773, 2.68796407411872, 2.096935828905869, 2.1727409737002925, D:spec8_1105210054_lunate 
200, 1.2866483990661095, 1.3373250979199764, 0.8979071422959722, 0.9678949618965199, D:spec8_1105210054_lunate 
225, 0.5859305891151249, 0.6211943748264548, 0.351138546496321, 0.3809448415618499, D:spec8_1105210054_lunate 
250, 0.25074470758345313, 0.26687728982213976, 0.11742600752174151, 0.1317594170200542, D:spec8_1105210054_lunate 
275, 0.09925436284396434, 0.10543152258591498, 0.036883041177666505, 0.042460476672825834, D:spec8_1105210054_lunate 
300, 0.03682306875298738, 0.04096116605584752, 0.00899586370186988, 0.016192554663365784, D:spec8_1105210054_lunate 
175, 1.0433756095110553, 1.404030336553995, 0.6589740691648771, 0.9859494215710115, D:spec8_1105210054_pisiform 
200, 0.41614006966493017, 0.5975520232170767, 0.21600466716215305, 0.36099722915789006, D:spec8_1105210054_pisiform 
225, 0.1526417758962995, 0.23918064360714092, 0.0655320713272071, 0.12238742240900005, D:spec8_1105210054_pisiform 
250, 0.05422950153383864, 0.08825137828559425, 0.021691800613535452, 0.030482688230599825, D:spec8_1105210054_pisiform 
275, 0.018152612092379672, 0.02956934925739833, 0.004909196980958024, 0.00707837704231157, D:spec8_1105210054_pisiform 
300, 0.005936703325809704, 0.009361724475315301, 0.0017125105747527992, 0.002283347433003732, D:spec8_1105210054_pisiform 
175, 3.2298280947452502, 2.170183404973473, 2.6954796781321972, 1.6930616291682594, D:spec8_1105210054_scaphoid 
200, 1.6637684267452375, 1.0648117931169523, 1.261045169030325, 0.7422757632549798, D:spec8_1105210054_scaphoid 
225, 0.8125949892306689, 0.4930892906538367, 0.553307412345725, 0.3011683092616248, D:spec8_1105210054_scaphoid 
250, 0.37937416665889656, 0.22377831028727538, 0.23558883221910382, 0.12533139392131085, D:spec8_1105210054_scaphoid 
275, 0.17109716640714598, 0.09778645954740836, 0.09584393949283132, 0.04650393010657442, D:spec8_1105210054_scaphoid 
300, 0.07785620378744791, 0.041453377964674104, 0.03818994427298467, 0.016899924474820277, D:spec8_1105210054_scaphoid 
175, 3.1008048780592747, 2.2960989207913425, 2.5894467910074983, 1.8229044536987518, D:spec8_1105210054_trapezium 
200, 1.604808185859841, 1.1312695147540899, 1.2258825928716208, 0.792228561790859, D:spec8_1105210054_trapezium 
225, 0.7945519388796933, 0.5308056137953526, 0.5459505903744208, 0.3280694500437354, D:spec8_1105210054_trapezium 
250, 0.3770754964174816, 0.23689841205781081, 0.22816423522385954, 0.12916255593853032, D:spec8_1105210054_trapezium 
275, 0.16952047648161542, 0.09874352627545872, 0.08596495228686996, 0.04612333776352582, D:spec8_1105210054_trapezium 
300, 0.07305730179334594, 0.04044397154637525, 0.02856893309233316, 0.01505892557577802, D:spec8_1105210054_trapezium 
175, 2.6117565552865103, 2.7595710069721555, 2.043422299351009, 2.2268956078476654, D:spec8_1105210054_trapezoid 
200, 1.2845678655966746, 1.3753281463847014, 0.8810284693520616, 0.979429933742448, D:spec8_1105210054_trapezoid 
225, 0.5959274189440223, 0.6455102103193335, 0.352088759988725, 0.40812410640602875, D:spec8_1105210054_trapezoid 
250, 0.25181945071776185, 0.29350635237063477, 0.11886285603670485, 0.15188974960690357, D:spec8_1105210054_trapezoid 
275, 0.09848636643041259, 0.12310795803801573, 0.028272379328730512, 0.052639264816255006, D:spec8_1105210054_trapezoid 
300, 0.03650787721127363, 0.04712063221455085, 0.008914714202752864, 0.018253938605636816, D:spec8_1105210054_trapezoid 
175, 1.648283189895008, 2.634900514087292, 1.1802416512084495, 2.149988430520828, D:spec8_1105210054_triquetrum 
200, 0.7351069074046989, 1.3157477249915455, 0.43801506431314824, 0.9724553530316291, D:spec8_1105210054_triquetrum 
225, 0.29794310911760086, 0.626377019531912, 0.138833750066747, 0.41379267648099005, D:spec8_1105210054_triquetrum 
250, 0.11383748402908854, 0.2800665225705448, 0.042408525661414356, 0.16112144238515452, D:spec8_1105210054_triquetrum 
275, 0.040860769250413834, 0.11956418274979047, 0.012227275646904139, 0.06523793272367208, D:spec8_1105210054_triquetrum 
300, 0.013697644237354638, 0.048444775664316396, 0.004643269233001571, 0.024841490396558412, D:spec8_1105210054_triquetrum 